000159
300365
000758
600705
600151
601969
002642
603131
002838
300300
000068
600476
000025
300175
601866
002111
300152
603227
300297
300376
002783
601298
600775
000570
600637
600353
600839
600099
601880
002006
600963
600308
300316
002526
600961
300279
002258
600618
600960
300392
002576
002619
000005
300071
000055
300311
000720
000839
002117
002148
000042
601500
601718
600396
300023
300050
300245
600218
600463
600576
600428
002748
300187
002636
000957
600006
000925
600495
000581
601801
000933
002154
002546
300513
600509
600828
002139
002590
300100
300749
600008
002307
002002
603300
600792
300075
600707
603993
300249
300068
600327
601966
603706
600520
300074
000430
002008
300250
300217
000906
000815
002587
600719
002177
300066
300076
300167
002221
600602
002181
300269
600366
002344
000723
600558
002622
600400
002591
002355
300025
601158
600499
603011
600733
000682
600676
600841
600790
002708
600115
002694
000753
000926
600853
601700
600936
000932
300301
603738
002628
600686
002178
002108
601918
601002
601368
300543
300130
000718
600493
300437
002631
600320
603017
000510
600322
300425
000659
600190
002249
600665
600121
002599
002451
601777
600800
601991
000897
603025
600321
002391
600684
603773
600869
000607
002081
002606
601008
600794
002503
603817
600681
600565
002067
600094
002573
600933
600736
300282
002474
300026
600208
300184
300270
603790
600996
000517
300623
300795
000928
002464
601929
000629
603997
002267
600894
600478
000665
000735
600619
600578
600727
000838
000558
600231
601010
300164
000598
002325
002663
603001
000413
300038
300682
600219
002087
600279
600959
600683
600706
000900
300336
600689
603357
000875
002472
601000
600512
002088
300112
000993
600611
000008
002948
002554
600481
002225
600169
600573
000040
000615
600971
000514
000635
002686
601975
002476
000898
600569
601985
600626
000812
002313
600284
603999
600758
601598
600500
300818
002937
000809
300808
002750
000819
600310
603117
603111
600629
000502
600168
600281
600368
300500
300021
300553
600871
000552
600020
000958
600782
002972
600567
600968
601127
002133
300032
600159
601766
000553
600704
300694
600106
603218
002141
000882
603077
603730
002648
600157
000931
600644
600022
600101
600583
601997
601018
300495
000761
000420
002206
600561
002490
600743
600982
600708
600107
600820
601005
603928
600582
002195
601886
600630
600128
001965
600395
000999
600035
601992
601518
600307
603585
600186
603536
601816
000917
600018
600033
601618
603685
601009
000631
300400
601668
003816
000415
601155
600170
000736
600726
601390
000709
601658
600010
002384
600023
600780
600269
601169
600919
300272
600376
601898
300351
601857
600221
600674
600662
601717
601019
603260
000966
002901
601229
000630
000608
601398
600021
601778
600016
601288
601988
002060
601028
601328
000301
300635
000793
600881
