300162
300670
002494
000812
601233
600707
300050
600866
600598
300279
002598
600010
600192
300535
002490
002215
000061
300387
300426
300102
002702
600768
000005
603011
600792
002726
002347
002272
300665
300317
000667
002374
600583
603767
002795
002694
603027
000151
603615
000552
600890
300217
600227
600689
601368
600719
300228
000711
300549
300153
002350
002249
000548
000514
300350
600515
601579
600576
600805
300230
000725
002528
300172
300240
002533
002573
603967
600190
600868
600780
603117
600716
603001
600022
600025
600202
600307
600322
601008
601918
300335
002344
000882
000809
000957
002267
600250
600757
000899
002002
600794
600320
002358
601326
601700
000926
000565
601158
603321
002274
601518
601991
000897
600231
000709
600333
002628
300375
600903
000883
001965
603335
600567
601857
600782
300323
600755
600159
600021
600787
600509
601107
600011
002608
300262
600292
002133
000862
600798
600722
601880
603808
603949
600350
601618
600744
600008
000767
600125
601992
601515
000898
600153
000517
600582
603300
002193
000961
600018
000826
000045
603557
