603867
002610
002979
300396
300530
688123
300816
601208
002555
603586
688181
300698
600577
603033
002881
002715
300478
002772
300168
000019
600448
002174
000668
603633
000936
300660
300413
603696
600315
603729
300272
300499
300223
002850
300010
603013
600361
600774
300617
600605
300134
603920
603912
300292
688098
300462
600963
600059
002264
002503
000153
603330
603020
600375
002760
002187
600578
002154
600397
600811
688208
000416
603533
688090
000948
300113
300476
603717
603050
600160
002750
601015
000635
002602
600630
603880
603883
002852
300787
600121
002486
603101
002331
601799
000695
600486
000925
603813
300247
002024
300389
603711
300429
300017
002867
002212
300041
000030
600387
600611
605288
002213
002036
002129
002925
002396
300038
002824
002391
600136
300565
600702
600123
601005
601226
603177
300072
002565
300383
300435
000529
600874
000550
002837
002032
300328
002281
000598
600846
000564
600082
002091
002291
300398
600233
600507
002029
300552
603301
300187
600971
603012
688278
600865
600814
000607
600075
601519
000685
002652
603383
603116
300097
002092
000778
000728
000419
600758
002304
002459
600388
600729
002044
603577
000983
603329
600326
600985
600508
600628
002594
601898
000415
601003
002276
600017
600976
600188
002263
300537
601236
002655
002050
600210
600626
688108
600708
600327
600310
000417
600499
603239
300031
600197
600695
603757
000676
600827
600999
002387
601390
603096
002034
002539
002305
603186
300707
300160
300238
601199
601018
002409
300548
300063
300364
300824
300242
300299
